params:
  __lnsigma: -1.1786945422288095
  eccentricity: 0.7412771360374837
  r0: 3.676525025132948
  theta0: 73.7880853269181
  x0: 15.139922382161892
  y0: 6.979042776576756
uparams:
  __lnsigma: 0.3154942394826621
  eccentricity: 0.18810105573307334
  r0: 0.8435211280286969
  theta0: 30.20052748399109
  x0: 1.7024836962857703
  y0: 1.2242250707852897
